[1,   500] loss: 1.510
[1,  1000] loss: 1.164
[2,   500] loss: 0.988
[2,  1000] loss: 0.937
[3,   500] loss: 0.801
[3,  1000] loss: 0.793
[4,   500] loss: 0.666
[4,  1000] loss: 0.678
[5,   500] loss: 0.551
[5,  1000] loss: 0.579
[6,   500] loss: 0.453
[6,  1000] loss: 0.479
[7,   500] loss: 0.355
[7,  1000] loss: 0.396
[8,   500] loss: 0.280
[8,  1000] loss: 0.328
[9,   500] loss: 0.215
[9,  1000] loss: 0.250
[10,   500] loss: 0.174
[10,  1000] loss: 0.199
[11,   500] loss: 0.133
[11,  1000] loss: 0.151
[12,   500] loss: 0.097
[12,  1000] loss: 0.124
[13,   500] loss: 0.082
[13,  1000] loss: 0.097
[14,   500] loss: 0.069
[14,  1000] loss: 0.080
[15,   500] loss: 0.059
[15,  1000] loss: 0.070
[16,   500] loss: 0.054
[16,  1000] loss: 0.066
[17,   500] loss: 0.049
[17,  1000] loss: 0.058
[18,   500] loss: 0.040
[18,  1000] loss: 0.042
[19,   500] loss: 0.031
[19,  1000] loss: 0.036
[20,   500] loss: 0.024
[20,  1000] loss: 0.029
[21,   500] loss: 0.024
[21,  1000] loss: 0.026
[22,   500] loss: 0.023
[22,  1000] loss: 0.027
[23,   500] loss: 0.021
[23,  1000] loss: 0.024
[24,   500] loss: 0.020
[24,  1000] loss: 0.022
[25,   500] loss: 0.019
[25,  1000] loss: 0.020
[26,   500] loss: 0.016
[26,  1000] loss: 0.018
[27,   500] loss: 0.012
[27,  1000] loss: 0.015
[28,   500] loss: 0.013
[28,  1000] loss: 0.013
[29,   500] loss: 0.013
[29,  1000] loss: 0.014
[30,   500] loss: 0.012
[30,  1000] loss: 0.013
[31,   500] loss: 0.011
[31,  1000] loss: 0.013
[32,   500] loss: 0.009
[32,  1000] loss: 0.010
[33,   500] loss: 0.008
[33,  1000] loss: 0.010
[34,   500] loss: 0.008
[34,  1000] loss: 0.009
[35,   500] loss: 0.008
[35,  1000] loss: 0.008
[36,   500] loss: 0.007
[36,  1000] loss: 0.006
[37,   500] loss: 0.006
[37,  1000] loss: 0.008
[38,   500] loss: 0.007
[38,  1000] loss: 0.008
[39,   500] loss: 0.006
[39,  1000] loss: 0.007
[40,   500] loss: 0.007
[40,  1000] loss: 0.009
[41,   500] loss: 0.008
[41,  1000] loss: 0.008
[42,   500] loss: 0.007
[42,  1000] loss: 0.007
[43,   500] loss: 0.006
[43,  1000] loss: 0.008
[44,   500] loss: 0.008
[44,  1000] loss: 0.007
[45,   500] loss: 0.007
[45,  1000] loss: 0.006
[46,   500] loss: 0.006
[46,  1000] loss: 0.006
[47,   500] loss: 0.007
[47,  1000] loss: 0.005
[48,   500] loss: 0.005
[48,  1000] loss: 0.006
[49,   500] loss: 0.006
[49,  1000] loss: 0.006
[50,   500] loss: 0.004
[50,  1000] loss: 0.004
[51,   500] loss: 0.006
[51,  1000] loss: 0.005
[52,   500] loss: 0.006
[52,  1000] loss: 0.006
[53,   500] loss: 0.004
[53,  1000] loss: 0.005
[54,   500] loss: 0.004
[54,  1000] loss: 0.004
[55,   500] loss: 0.005
[55,  1000] loss: 0.005
[56,   500] loss: 0.004
[56,  1000] loss: 0.005
[57,   500] loss: 0.003
[57,  1000] loss: 0.006
[58,   500] loss: 0.006
[58,  1000] loss: 0.008
[59,   500] loss: 0.005
[59,  1000] loss: 0.005
[60,   500] loss: 0.006
[60,  1000] loss: 0.005
[61,   500] loss: 0.005
[61,  1000] loss: 0.004
[62,   500] loss: 0.004
[62,  1000] loss: 0.003
[63,   500] loss: 0.004
[63,  1000] loss: 0.004
[64,   500] loss: 0.004
[64,  1000] loss: 0.004
[65,   500] loss: 0.003
[65,  1000] loss: 0.004
[66,   500] loss: 0.004
[66,  1000] loss: 0.004
[67,   500] loss: 0.003
[67,  1000] loss: 0.004
[68,   500] loss: 0.003
[68,  1000] loss: 0.003
[69,   500] loss: 0.003
[69,  1000] loss: 0.004
[70,   500] loss: 0.003
[70,  1000] loss: 0.003
[71,   500] loss: 0.003
[71,  1000] loss: 0.003
[72,   500] loss: 0.002
[72,  1000] loss: 0.003
[73,   500] loss: 0.003
[73,  1000] loss: 0.003
[74,   500] loss: 0.004
[74,  1000] loss: 0.003
[75,   500] loss: 0.003
[75,  1000] loss: 0.003
[76,   500] loss: 0.003
[76,  1000] loss: 0.003
[77,   500] loss: 0.002
[77,  1000] loss: 0.003
[78,   500] loss: 0.003
[78,  1000] loss: 0.003
[79,   500] loss: 0.003
[79,  1000] loss: 0.003
[80,   500] loss: 0.002
[80,  1000] loss: 0.002
[81,   500] loss: 0.002
[81,  1000] loss: 0.002
[82,   500] loss: 0.003
[82,  1000] loss: 0.003
[83,   500] loss: 0.003
[83,  1000] loss: 0.004
[84,   500] loss: 0.003
[84,  1000] loss: 0.003
[85,   500] loss: 0.003
[85,  1000] loss: 0.003
[86,   500] loss: 0.003
[86,  1000] loss: 0.003
[87,   500] loss: 0.003
[87,  1000] loss: 0.003
[88,   500] loss: 0.002
[88,  1000] loss: 0.002
[89,   500] loss: 0.003
[89,  1000] loss: 0.003
[90,   500] loss: 0.002
[90,  1000] loss: 0.003
[91,   500] loss: 0.003
[91,  1000] loss: 0.002
[92,   500] loss: 0.002
[92,  1000] loss: 0.002
[93,   500] loss: 0.002
[93,  1000] loss: 0.002
[94,   500] loss: 0.002
[94,  1000] loss: 0.002
[95,   500] loss: 0.002
[95,  1000] loss: 0.002
[96,   500] loss: 0.002
[96,  1000] loss: 0.002
[97,   500] loss: 0.002
[97,  1000] loss: 0.002
[98,   500] loss: 0.001
[98,  1000] loss: 0.003
[99,   500] loss: 0.002
[99,  1000] loss: 0.002
[100,   500] loss: 0.002
[100,  1000] loss: 0.001
Accuracy of the network on the 10000 test images: 71 %
