[1,   500] loss: 1.572
[1,  1000] loss: 1.227
[2,   500] loss: 1.024
[2,  1000] loss: 0.984
[3,   500] loss: 0.853
[3,  1000] loss: 0.835
[4,   500] loss: 0.716
[4,  1000] loss: 0.736
[5,   500] loss: 0.607
[5,  1000] loss: 0.640
[6,   500] loss: 0.512
[6,  1000] loss: 0.549
[7,   500] loss: 0.423
[7,  1000] loss: 0.468
[8,   500] loss: 0.347
[8,  1000] loss: 0.379
[9,   500] loss: 0.269
[9,  1000] loss: 0.306
[10,   500] loss: 0.209
[10,  1000] loss: 0.253
[11,   500] loss: 0.173
[11,  1000] loss: 0.198
[12,   500] loss: 0.140
[12,  1000] loss: 0.168
[13,   500] loss: 0.113
[13,  1000] loss: 0.128
[14,   500] loss: 0.094
[14,  1000] loss: 0.104
[15,   500] loss: 0.079
[15,  1000] loss: 0.096
[16,   500] loss: 0.068
[16,  1000] loss: 0.075
[17,   500] loss: 0.055
[17,  1000] loss: 0.060
[18,   500] loss: 0.048
[18,  1000] loss: 0.052
[19,   500] loss: 0.037
[19,  1000] loss: 0.041
[20,   500] loss: 0.036
[20,  1000] loss: 0.042
Accuracy of the network on the 10000 test images: 70 %
[1,   500] loss: 1.531
[1,  1000] loss: 1.194
[2,   500] loss: 1.028
[2,  1000] loss: 0.975
[3,   500] loss: 0.851
[3,  1000] loss: 0.841
[4,   500] loss: 0.720
[4,  1000] loss: 0.737
[5,   500] loss: 0.617
[5,  1000] loss: 0.635
[6,   500] loss: 0.514
[6,  1000] loss: 0.538
[7,   500] loss: 0.417
[7,  1000] loss: 0.466
[8,   500] loss: 0.353
[8,  1000] loss: 0.381
[9,   500] loss: 0.264
[9,  1000] loss: 0.320
[10,   500] loss: 0.213
[10,  1000] loss: 0.253
[11,   500] loss: 0.177
[11,  1000] loss: 0.200
[12,   500] loss: 0.141
[12,  1000] loss: 0.165
[13,   500] loss: 0.121
[13,  1000] loss: 0.135
[14,   500] loss: 0.093
[14,  1000] loss: 0.109
[15,   500] loss: 0.081
[15,  1000] loss: 0.094
[16,   500] loss: 0.069
[16,  1000] loss: 0.075
[17,   500] loss: 0.054
[17,  1000] loss: 0.059
[18,   500] loss: 0.044
[18,  1000] loss: 0.049
[19,   500] loss: 0.040
[19,  1000] loss: 0.046
[20,   500] loss: 0.038
[20,  1000] loss: 0.040
[21,   500] loss: 0.035
[21,  1000] loss: 0.039
[22,   500] loss: 0.029
[22,  1000] loss: 0.034
[23,   500] loss: 0.028
[23,  1000] loss: 0.034
[24,   500] loss: 0.023
[24,  1000] loss: 0.034
[25,   500] loss: 0.028
[25,  1000] loss: 0.026
[26,   500] loss: 0.021
[26,  1000] loss: 0.024
[27,   500] loss: 0.021
[27,  1000] loss: 0.025
[28,   500] loss: 0.021
[28,  1000] loss: 0.021
[29,   500] loss: 0.018
[29,  1000] loss: 0.017
[30,   500] loss: 0.017
[30,  1000] loss: 0.018
[31,   500] loss: 0.014
[31,  1000] loss: 0.015
[32,   500] loss: 0.014
[32,  1000] loss: 0.016
[33,   500] loss: 0.013
[33,  1000] loss: 0.014
[34,   500] loss: 0.013
[34,  1000] loss: 0.013
[35,   500] loss: 0.010
[35,  1000] loss: 0.012
[36,   500] loss: 0.011
[36,  1000] loss: 0.011
[37,   500] loss: 0.008
[37,  1000] loss: 0.012
[38,   500] loss: 0.012
[38,  1000] loss: 0.012
[39,   500] loss: 0.008
[39,  1000] loss: 0.010
[40,   500] loss: 0.008
[40,  1000] loss: 0.011
[41,   500] loss: 0.010
[41,  1000] loss: 0.011
[42,   500] loss: 0.009
[42,  1000] loss: 0.010
[43,   500] loss: 0.008
[43,  1000] loss: 0.009
[44,   500] loss: 0.009
[44,  1000] loss: 0.011
[45,   500] loss: 0.009
[45,  1000] loss: 0.008
[46,   500] loss: 0.008
[46,  1000] loss: 0.009
[47,   500] loss: 0.007
[47,  1000] loss: 0.008
[48,   500] loss: 0.007
[48,  1000] loss: 0.010
[49,   500] loss: 0.009
[49,  1000] loss: 0.007
[50,   500] loss: 0.006
[50,  1000] loss: 0.007
[51,   500] loss: 0.007
[51,  1000] loss: 0.007
[52,   500] loss: 0.005
[52,  1000] loss: 0.006
[53,   500] loss: 0.004
[53,  1000] loss: 0.005
[54,   500] loss: 0.004
[54,  1000] loss: 0.006
[55,   500] loss: 0.005
[55,  1000] loss: 0.006
[56,   500] loss: 0.005
[56,  1000] loss: 0.005
[57,   500] loss: 0.005
[57,  1000] loss: 0.004
[58,   500] loss: 0.004
[58,  1000] loss: 0.007
[59,   500] loss: 0.004
[59,  1000] loss: 0.004
[60,   500] loss: 0.003
[60,  1000] loss: 0.004
[61,   500] loss: 0.005
[61,  1000] loss: 0.003
[62,   500] loss: 0.004
[62,  1000] loss: 0.004
[63,   500] loss: 0.003
[63,  1000] loss: 0.003
[64,   500] loss: 0.003
[64,  1000] loss: 0.004
[65,   500] loss: 0.005
[65,  1000] loss: 0.004
[66,   500] loss: 0.004
[66,  1000] loss: 0.005
[67,   500] loss: 0.004
[67,  1000] loss: 0.004
[68,   500] loss: 0.003
[68,  1000] loss: 0.004
[69,   500] loss: 0.003
[69,  1000] loss: 0.003
[70,   500] loss: 0.003
[70,  1000] loss: 0.003
[71,   500] loss: 0.003
[71,  1000] loss: 0.003
[72,   500] loss: 0.003
[72,  1000] loss: 0.003
[73,   500] loss: 0.003
[73,  1000] loss: 0.002
[74,   500] loss: 0.003
[74,  1000] loss: 0.003
[75,   500] loss: 0.003
[75,  1000] loss: 0.002
[76,   500] loss: 0.002
[76,  1000] loss: 0.002
[77,   500] loss: 0.002
[77,  1000] loss: 0.002
[78,   500] loss: 0.002
[78,  1000] loss: 0.002
[79,   500] loss: 0.002
[79,  1000] loss: 0.002
[80,   500] loss: 0.002
[80,  1000] loss: 0.002
[81,   500] loss: 0.002
[81,  1000] loss: 0.002
[82,   500] loss: 0.002
[82,  1000] loss: 0.003
[83,   500] loss: 0.002
[83,  1000] loss: 0.002
[84,   500] loss: 0.002
[84,  1000] loss: 0.003
[85,   500] loss: 0.003
[85,  1000] loss: 0.002
[86,   500] loss: 0.002
[86,  1000] loss: 0.002
[87,   500] loss: 0.001
[87,  1000] loss: 0.002
[88,   500] loss: 0.002
[88,  1000] loss: 0.002
[89,   500] loss: 0.002
[89,  1000] loss: 0.002
[90,   500] loss: 0.003
[90,  1000] loss: 0.002
[91,   500] loss: 0.002
[91,  1000] loss: 0.002
[92,   500] loss: 0.002
[92,  1000] loss: 0.002
[93,   500] loss: 0.003
[93,  1000] loss: 0.003
[94,   500] loss: 0.002
[94,  1000] loss: 0.003
[95,   500] loss: 0.002
[95,  1000] loss: 0.002
[96,   500] loss: 0.003
[96,  1000] loss: 0.002
[97,   500] loss: 0.002
[97,  1000] loss: 0.002
[98,   500] loss: 0.002
[98,  1000] loss: 0.002
[99,   500] loss: 0.001
[99,  1000] loss: 0.002
[100,   500] loss: 0.001
[100,  1000] loss: 0.002
Accuracy of the network on the 10000 test images: 70 %
